1,0.6632623954823142,0.65,3.6188433170318604
2,0.4648381717372359,0.775,7.249541759490967
3,0.28663815152749683,0.925,10.849371910095215
4,0.22728936622540155,0.925,14.449741125106812
5,0.18678283116273714,0.925,18.103410959243774
6,0.15095927866927364,0.95,21.706397533416748
7,0.12720616148752079,0.925,25.33690357208252
8,0.1045121694016352,0.975,28.998007774353027
9,0.09326522287569548,0.975,32.812947034835815
10,0.07494899963862017,0.975,36.92699408531189
11,0.06594117587072808,0.975,40.99311447143555
12,0.06009191818731396,0.975,45.14104413986206
13,0.046611624769866467,0.975,49.39217448234558
14,0.04704243382602407,0.975,53.69521999359131
15,0.039304045057577786,0.975,58.05263829231262
16,0.03682322526481329,0.975,62.172085762023926
17,0.03214853559212204,1.0,66.30317425727844
18,0.027364464354162153,0.975,70.70884275436401
19,0.026808884828106352,0.975,75.00068211555481
20,0.02532686128101328,1.0,79.19317770004272
21,0.021161156788206938,1.0,83.2453498840332
22,0.020519021853575844,0.975,87.6065764427185
23,0.01937409050828009,0.975,91.86207175254822
24,0.016906398979603852,1.0,96.5169005393982
25,0.01760754489601312,1.0,100.60680627822876
26,0.014439094481834521,0.975,104.68998646736145
27,0.013116574733877522,0.975,108.84171867370605
28,0.014774527096418305,0.975,113.88472127914429
29,0.01231472605835287,0.975,119.83667039871216
30,0.011031379984495672,0.975,124.37990307807922
31,0.010676192696688272,1.0,128.91706895828247
32,0.011048375415460518,0.975,133.28209280967712
33,0.00862775655185575,0.975,137.71142673492432
34,0.008139352258008888,0.975,142.27327418327332
35,0.00872003499483853,0.975,146.83568358421326
36,0.0075242140865476245,0.975,151.0333216190338
37,0.007503325017495898,1.0,155.39289164543152
38,0.007806860797899661,1.0,159.66012525558472
39,0.006947631331920428,1.0,163.762442111969
40,0.006404264430258129,0.975,168.23140454292297
41,0.006629149531108213,1.0,172.40099215507507
42,0.005726139262837374,0.975,176.53116607666016
43,0.005456926597265951,0.975,180.69356417655945
44,0.004915152988376161,1.0,184.9381992816925
45,0.005338190752490048,0.975,189.06022119522095
46,0.004782462016967321,0.975,193.44834232330322
47,0.0040644453903568275,0.975,197.67521500587463
48,0.004154449626456194,0.975,201.91605257987976
49,0.0037982903572571416,1.0,206.14378881454468
50,0.003822580413007496,1.0,210.28456234931946
51,0.004180117415544054,0.975,214.48212480545044
52,0.003953695038880892,0.975,218.6217908859253
53,0.003642593091889897,0.975,222.9071502685547
54,0.003281387672024338,0.975,227.29033946990967
55,0.0034816474492943505,1.0,232.0369267463684
56,0.002973030537919329,0.975,236.19474363327026
57,0.0031977575283810055,0.975,240.64006972312927
58,0.00291704032465452,0.975,244.87070441246033
59,0.00271356646178327,0.975,249.3416883945465
60,0.002778109656789814,0.975,253.6271185874939
61,0.0024832717876722057,1.0,257.967679977417
62,0.0025082021955377216,0.975,262.04655027389526
63,0.002492203466094348,0.975,266.22624373435974
64,0.0024536457853524523,0.975,270.50134444236755
65,0.0028037008213639063,0.975,274.81771755218506
66,0.002325766308530818,0.975,279.2269480228424
67,0.0022754539166814076,0.975,283.4394907951355
68,0.0022700376850894955,0.975,287.6075088977814
69,0.002088912971278963,0.975,291.85796308517456
70,0.0019739500167544753,0.975,296.08969497680664
71,0.0019860860308031796,0.975,300.3978579044342
72,0.0019774984234174012,0.975,304.48400020599365
73,0.0020014728728902378,0.975,308.6666395664215
74,0.0018287676902489917,0.975,312.97764921188354
75,0.0017208757296126957,0.975,317.4250257015228
76,0.0018463363396636978,0.975,322.0964057445526
77,0.0017236292732648731,0.975,326.73890829086304
78,0.0016224786837611056,0.975,331.15805292129517
79,0.001651364236941414,0.975,336.8091866970062
80,0.0015815759481420013,0.975,341.2441976070404
81,0.001614215548901835,0.975,345.92670917510986
82,0.0015211327905458268,0.975,350.3265824317932
83,0.0015019686102357554,0.975,355.05097699165344
84,0.0014782305999943403,0.975,360.7102928161621
85,0.001435663403020028,0.975,365.7658751010895
86,0.0014729456175190169,0.975,370.8450300693512
87,0.0014715146545520902,0.975,375.9300181865692
88,0.0014013634796005167,0.975,380.8030524253845
89,0.0013507875711551158,0.975,386.08796095848083
90,0.0013073842621547794,0.975,391.10185265541077
91,0.001280208748140834,0.975,396.2984206676483
92,0.0012610791202046368,0.975,401.03159403800964
93,0.001203023990679516,0.975,406.0858631134033
94,0.0011846067931752227,0.975,410.8621184825897
95,0.0011738986676184076,0.975,415.36118507385254
96,0.0011430980992276761,0.975,420.17454290390015
97,0.001153633326139881,0.975,425.1314277648926
98,0.0011114467916629284,0.975,430.1537072658539
99,0.001124574358759115,0.975,434.9095194339752
100,0.0010944803211794096,0.975,439.77481722831726
