1,0.6900569984787389,0.875
2,0.6732302674076014,0.85
3,0.587604997973693,0.85
4,0.36374856714616743,0.925
5,0.2724556315102075,0.925
6,0.22229055851175075,0.925
7,0.18066569234718355,0.925
8,0.1546876013540385,0.95
9,0.1277306920669058,0.95
10,0.11797219240351726,0.95
11,0.09827152512183315,0.95
12,0.0887617027190955,0.95
13,0.07231023325993303,0.95
14,0.06506426221478664,0.95
15,0.07256063846707866,0.975
16,0.056396230099428644,0.95
17,0.050846768820887074,0.975
18,0.044975894895431245,0.975
19,0.05211868289890781,0.95
20,0.03955634116407549,1.0
21,0.03544396638314713,0.975
22,0.03593622313673494,0.975
23,0.028312521551637666,1.0
24,0.025078805253367153,1.0
25,0.021488173985281925,0.975
26,0.019953982457273492,1.0
27,0.04411728930937355,1.0
28,0.013777310701634474,0.975
29,0.016149066622458855,0.975
30,0.029648883821720488,0.975
31,0.012827965658640065,0.975
32,0.01758107653279838,0.975
33,0.011812013369707162,1.0
34,0.012434862475441932,0.975
35,0.008924992172978818,1.0
36,0.02028983914453675,0.975
37,0.007518979487430076,1.0
38,0.005835021273621048,1.0
39,0.005918015599794065,1.0
40,0.004508574509568382,1.0
41,0.005388711369800659,1.0
42,0.003924904684250227,0.975
43,0.0037829537391907684,0.975
44,0.002555991784646993,1.0
45,0.0033793772602445657,1.0
46,0.002682410432036002,1.0
47,0.0021177493931884925,1.0
48,0.002189865000617462,1.0
49,0.001910374765621351,0.975
50,0.0018823966614339345,1.0
51,0.0020039167254907895,0.975
52,0.0017166388179726997,1.0
53,0.0014491871561244409,1.0
54,0.0014919813089491391,0.975
55,0.0013101243220852777,1.0
56,0.0012952154420577643,1.0
57,0.00129044949247608,1.0
58,0.0011664429168791813,0.975
59,0.0012005657741259743,1.0
60,0.0011373303071179595,1.0
61,0.0010099895412566727,0.975
62,0.0010106281606886913,1.0
63,0.0010235933370591067,1.0
64,0.0009432594657131663,1.0
65,0.0009069576884014584,0.975
66,0.0009235298520044971,0.975
67,0.0008295809939705865,0.975
68,0.0007899785235949502,0.975
69,0.0007861663196532039,1.0
70,0.0007593516609695303,1.0
71,0.000730199406270434,1.0
72,0.0006909681721656836,0.975
73,0.0006846397526028899,1.0
74,0.0006747097388398016,1.0
75,0.0006572094860913287,1.0
76,0.0006331292600152027,1.0
77,0.0006209742429044191,1.0
78,0.0005985633744881182,0.975
79,0.0006137164505401559,1.0
80,0.0006169883067502125,1.0
81,0.0005672268351573669,0.975
82,0.0005491389909031185,1.0
83,0.0005375720056211943,0.975
84,0.0005176613678422495,1.0
85,0.0005071132751302349,0.975
86,0.0004986145551747381,1.0
87,0.0004756811248578168,1.0
88,0.0004753997834261993,1.0
89,0.000457356983835716,1.0
90,0.00044495290230291796,0.975
91,0.0004496559381311128,1.0
92,0.00042510606529009366,1.0
93,0.00042207465133271816,0.975
94,0.00042276005893782304,1.0
95,0.0004104652457499469,0.975
96,0.00040067174440513266,1.0
97,0.0003937679714494024,1.0
98,0.0003801242287807869,1.0
99,0.00037825384536342444,0.975
100,0.0003766019743986697,0.975
