1,0.6649652792696368,0.75,4.108055830001831
2,0.46697647216027244,0.95,8.284908056259155
3,0.29335070571355654,0.925,12.379781246185303
4,0.2405246578549084,0.975,16.7701153755188
5,0.19725366067468075,0.95,21.076725006103516
6,0.16343045332714132,0.95,25.77565860748291
7,0.14012542412730686,0.925,30.36655020713806
8,0.13095575956660405,0.95,35.10895490646362
9,0.11409952530735418,0.95,40.52109146118164
10,0.10170661076380495,0.975,47.03561043739319
11,0.08745419930078481,0.975,56.35607957839966
12,0.0717718970488038,0.95,63.523218631744385
13,0.06422419875468079,0.975,71.92489218711853
14,0.054382530915175094,0.975,77.29919934272766
15,0.04798536432351459,0.975,82.2676613330841
16,0.041920918423943875,0.975,87.33657503128052
17,0.04575944213163957,1.0,92.68626832962036
18,0.04638586349360514,1.0,98.9481909275055
19,0.05453098681346889,1.0,104.4225378036499
20,0.0272624574054294,0.975,109.85779404640198
21,0.02543686170604799,1.0,115.28946256637573
22,0.02001316910364518,1.0,120.54918551445007
23,0.01976866044692303,0.975,125.67822742462158
24,0.022396604771513427,1.0,130.7662317752838
25,0.015007576080071822,1.0,136.01218843460083
26,0.013929194881041584,1.0,141.93634796142578
27,0.017651535956630188,1.0,149.9685664176941
28,0.0145021247158742,1.0,160.47237133979797
29,0.012920358912659842,1.0,167.63525986671448
30,0.008341578366398289,1.0,173.55632305145264
31,0.009575852220510378,0.975,179.18362545967102
32,0.012861136933216792,1.0,185.79077863693237
33,0.007923149919390613,1.0,193.95527839660645
34,0.006895931535645535,1.0,201.4621455669403
35,0.009105846466059518,1.0,208.03588557243347
36,0.006168603176136681,1.0,213.49346613883972
37,0.005852110317822448,1.0,218.91984128952026
38,0.006327716239243991,0.975,224.39802312850952
39,0.008203086752154488,1.0,229.72670149803162
40,0.004880740851308873,1.0,234.9732165336609
41,0.0044790291816625225,1.0,240.83681392669678
42,0.003483304628804163,1.0,247.20569729804993
43,0.0037677150276865354,1.0,252.55449986457825
44,0.0034155473236878926,1.0,262.35028529167175
45,0.0033290683461114226,1.0,269.749587059021
46,0.002547115215923425,1.0,274.92612528800964
47,0.002342542772040408,1.0,280.0100009441376
48,0.0022499681833499366,1.0,284.98466181755066
49,0.002385561377307392,1.0,290.0655083656311
50,0.002092941513023617,1.0,295.10965847969055
51,0.006201967681957748,1.0,300.018310546875
52,0.003023785477700202,1.0,304.8988564014435
53,0.0017494838300575665,1.0,309.87263536453247
54,0.0017101405364085447,1.0,315.00578117370605
55,0.0016228142832691798,1.0,320.26994705200195
56,0.0015406208257078553,1.0,325.5185115337372
57,0.0017307201204331297,1.0,330.5473258495331
58,0.0014255274244964024,1.0,335.65965700149536
59,0.001494618514123814,1.0,340.4987602233887
60,0.0012953190034431029,1.0,345.4822916984558
61,0.0012478665155133952,1.0,350.48404479026794
62,0.0013442438875994923,1.0,355.80935168266296
63,0.0012392203475189347,1.0,360.889488697052
64,0.0011550541764192626,1.0,365.84208250045776
65,0.0011988845265780885,1.0,370.7104012966156
66,0.0010999870215815271,1.0,375.98544692993164
67,0.00100530263609886,1.0,383.41614151000977
68,0.0010102133233056265,1.0,390.3781931400299
69,0.0010178144602513495,1.0,400.2360622882843
70,0.0009134603481614153,1.0,408.7697522640228
71,0.000920626953685362,1.0,418.86896896362305
72,0.0009242560015416913,1.0,428.49802112579346
73,0.0008987663786045456,1.0,434.24648571014404
74,0.0009114220246326448,1.0,439.5891749858856
75,0.0008538649795937409,1.0,444.70371294021606
76,0.0007772654450507201,1.0,450.0088155269623
77,0.0008331195722189078,1.0,455.3573908805847
78,0.000794775540470526,1.0,460.93960094451904
79,0.0008008946998942472,1.0,466.5124945640564
80,0.0007377246293647962,1.0,471.6724171638489
81,0.0007025798274155118,1.0,476.8286192417145
82,0.0006802438351849304,1.0,481.7990372180939
83,0.0006866214294987323,1.0,486.9825692176819
84,0.0006408432069420406,1.0,492.0423336029053
85,0.0006413481858129544,1.0,497.08758640289307
86,0.000622977954710797,1.0,502.37692642211914
87,0.0006290660059293211,1.0,507.6563847064972
88,0.0005869788096549057,1.0,512.9852886199951
89,0.0005725504192046253,1.0,518.7169201374054
90,0.0005789421110054256,1.0,523.6956639289856
91,0.0005801020703521525,1.0,528.7843844890594
92,0.0005740864304371236,1.0,534.0989882946014
93,0.000567967804108935,1.0,539.2119588851929
94,0.0005480791601656707,1.0,544.2920961380005
95,0.0005326971336137177,1.0,549.399847984314
96,0.0005248603937169511,1.0,556.0305891036987
97,0.000538095173855605,1.0,564.1160771846771
98,0.0005061740709782482,1.0,572.5340569019318
99,0.0005079029359509597,1.0,578.3336184024811
100,0.0004708980666276929,1.0,583.8274717330933
