1,0.3797906723461653,0.925,2.7196266651153564
2,0.1949807356454824,0.95,5.577845811843872
3,0.14924609125183338,0.95,8.407102823257446
4,0.12558620030942716,0.975,11.097218751907349
5,0.10917376039811132,0.975,13.80987024307251
6,0.08212529412029605,0.975,16.516793489456177
7,0.07338004899129533,0.975,19.220450162887573
8,0.06332856841516077,0.975,22.02004337310791
9,0.051187916054276,0.975,24.722885131835938
10,0.045246250527142956,0.975,27.693073749542236
11,0.04115647989276208,0.975,30.756269693374634
12,0.035589745774734435,0.975,34.05423402786255
13,0.03177339305872457,1.0,37.19629454612732
14,0.029282836839883475,0.975,40.73800730705261
15,0.026028969137226802,0.975,43.995829582214355
16,0.023496195853671485,0.975,47.27954435348511
17,0.021691025108131663,0.975,50.449138164520264
18,0.019889361233238066,0.975,53.83674240112305
19,0.019369296018818493,0.975,56.96813154220581
20,0.017093918494586097,0.975,60.069016456604004
21,0.015163657790572759,0.975,63.35196590423584
22,0.014686207585200145,0.975,66.52661752700806
23,0.014998550751458919,0.975,70.05131101608276
24,0.012005093646350136,0.975,73.21572184562683
25,0.01148619129845317,1.0,76.58636569976807
26,0.01068300427664725,1.0,79.7676329612732
27,0.009674544705551836,0.975,83.02700424194336
28,0.00935628943619106,1.0,86.27124905586243
29,0.0089157144161219,1.0,89.63268780708313
30,0.008769614844615654,0.975,92.64308619499207
31,0.008554208948146225,1.0,95.61988854408264
32,0.007679180756799485,1.0,98.698068857193
33,0.006988526858070767,0.975,101.78365111351013
34,0.006896848845491676,1.0,104.97856330871582
35,0.006238574888700162,1.0,107.95446252822876
36,0.006372552137339912,1.0,111.02466487884521
37,0.005710683597594891,1.0,114.08716630935669
38,0.005474959157015148,1.0,117.0213508605957
39,0.00551735705863521,1.0,120.17411828041077
40,0.005096156295111174,1.0,123.17650437355042
41,0.0051257755840197206,0.975,126.34361457824707
42,0.005000245948362965,1.0,129.4630320072174
43,0.004780332681420667,1.0,132.53431844711304
44,0.0044933570612205615,1.0,135.66400861740112
45,0.004182770482689273,1.0,138.7507243156433
46,0.004156603624946193,1.0,141.75553393363953
47,0.003979628182653534,1.0,144.9544825553894
48,0.0038607729667299345,1.0,147.95244789123535
49,0.0038686010735354535,1.0,150.93624448776245
50,0.003529982824131781,1.0,154.01885080337524
51,0.0034368862908562285,1.0,157.05260181427002
52,0.00338371235033775,1.0,160.19384837150574
53,0.0032045680972371707,1.0,163.20676827430725
54,0.0031779090676807976,1.0,166.62272143363953
55,0.0030418467659936205,1.0,169.9706265926361
56,0.0030242982146885702,1.0,173.23593020439148
57,0.002923281042042123,1.0,176.24114990234375
58,0.0028610689720759788,1.0,179.55603647232056
59,0.002758336233040481,1.0,182.65180492401123
60,0.002683019840971387,1.0,185.7741072177887
61,0.0026944526376737805,1.0,188.89090585708618
62,0.002550683135683485,1.0,192.0762436389923
63,0.0024895216874459662,1.0,195.32317733764648
64,0.0023892816812772174,1.0,198.65557169914246
65,0.002368494714589855,1.0,201.8760678768158
66,0.002332692925017654,1.0,205.52428770065308
67,0.0022826334849620857,1.0,208.62941670417786
68,0.0022091737408660712,1.0,211.95605039596558
69,0.002180452519321095,1.0,215.1556453704834
70,0.0021608256254439127,1.0,218.46799969673157
71,0.0021038402881363013,1.0,221.64093232154846
72,0.002031923628109916,1.0,224.99307322502136
73,0.001992053860081605,1.0,228.23190212249756
74,0.0020177896775860796,1.0,231.53324842453003
75,0.001934258384209355,1.0,234.75359630584717
76,0.0018801956666401676,1.0,237.8776617050171
77,0.0018605653057691821,1.0,241.11171293258667
78,0.0018154867567844984,1.0,244.4422686100006
79,0.0017793510220750857,1.0,247.71899843215942
80,0.0017501936155512293,1.0,251.11577248573303
81,0.0017660143169913474,1.0,254.32289457321167
82,0.0017177454643196573,1.0,257.7530448436737
83,0.0016710579141529212,1.0,260.94688749313354
84,0.0016356303179539584,1.0,264.257292509079
85,0.0016008909340343323,1.0,267.3862907886505
86,0.0016187313135321204,1.0,270.84172081947327
87,0.0015548842723211763,1.0,274.17109537124634
88,0.0015241216573039103,1.0,277.45203161239624
89,0.0015412523307053274,1.0,280.79724073410034
90,0.001471160163770005,1.0,284.05234694480896
91,0.0014524431324772242,1.0,287.47097086906433
92,0.0014325612160303678,1.0,290.97465777397156
93,0.001393570608087701,1.0,294.274044752121
94,0.0013820903103598475,1.0,297.6270978450775
95,0.0013598078461527301,1.0,301.0464913845062
96,0.0013302363998567064,1.0,304.2451705932617
97,0.0013679802305935147,1.0,307.63736176490784
98,0.0013006413850745414,1.0,311.00865149497986
99,0.0012898378407586726,1.0,314.2441437244415
100,0.0012739540709350095,1.0,317.55095052719116
