1,0.9972345132743363,0.8755530973451328
2,0.9972345132743363,0.724004424778761
3,1.0,0.9811946902654868
4,0.9994469026548672,0.9485619469026548
5,0.9988938053097345,0.9861725663716814
6,0.9977876106194691,0.9800884955752213
7,0.9977876106194691,0.8019911504424779
8,0.9983407079646017,0.7356194690265486
9,0.9966814159292036,0.9220132743362832
10,0.9977876106194691,0.9679203539823009
11,0.9961283185840708,0.8661504424778761
12,0.9977876106194691,0.9303097345132744
13,0.995575221238938,0.8573008849557522
14,0.9977876106194691,0.9773230088495575
15,0.9950221238938053,0.9872787610619469
16,0.9983407079646017,0.9839601769911505
17,0.9961283185840708,0.5232300884955752
18,0.9983407079646017,0.793141592920354
19,0.9961283185840708,0.9789823008849557
20,0.9983407079646017,0.9834070796460177
21,0.9983407079646017,0.9823008849557522
22,0.9966814159292036,0.5829646017699115
23,0.9972345132743363,0.9452433628318584
24,0.9961283185840708,0.9756637168141593
25,0.9983407079646017,0.9762168141592921
26,0.9966814159292036,0.9922566371681416
27,0.9983407079646017,0.9131637168141593
28,0.9961283185840708,0.9905973451327433
29,0.9977876106194691,0.9861725663716814
30,0.9977876106194691,0.9209070796460177
31,0.9966814159292036,0.8058628318584071
32,0.9994469026548672,0.9463495575221239
33,0.9966814159292036,0.9303097345132744
34,0.9972345132743363,0.974004424778761
35,0.9994469026548672,0.8882743362831859
36,0.9977876106194691,0.9767699115044248
37,0.9972345132743363,0.9823008849557522
38,0.9972345132743363,0.9341814159292036
39,0.9966814159292036,0.9883849557522124
40,0.9961283185840708,0.9087389380530974
41,0.9983407079646017,0.7870575221238938
42,0.9983407079646017,0.7013274336283186
43,0.9961283185840708,0.8628318584070797
44,0.9966814159292036,0.6117256637168141
45,0.9983407079646017,0.7571902654867256
46,0.9977876106194691,0.6980088495575221
47,0.9994469026548672,0.985066371681416
48,0.9972345132743363,0.8639380530973452
49,0.9977876106194691,0.9491150442477876
50,0.9966814159292036,0.7936946902654868
51,0.9966814159292036,0.7848451327433629
52,0.9961283185840708,0.9485619469026548
53,0.9988938053097345,0.6653761061946902
54,0.9972345132743363,0.9076327433628318
55,0.9961283185840708,0.7815265486725663
56,0.9977876106194691,0.9828539823008849
57,0.9977876106194691,0.9640486725663717
58,0.9950221238938053,0.8440265486725663
59,0.9950221238938053,0.9762168141592921
60,0.9983407079646017,0.8589601769911505
61,0.9972345132743363,0.9773230088495575
62,0.9988938053097345,0.9834070796460177
63,0.9961283185840708,0.9546460176991151
64,0.9972345132743363,0.980641592920354
65,0.9972345132743363,0.9839601769911505
66,0.9983407079646017,0.9198008849557522
67,0.9983407079646017,0.9673672566371682
68,0.9983407079646017,0.8838495575221239
69,0.9983407079646017,0.8744469026548672
70,0.9977876106194691,0.9839601769911505
71,0.9972345132743363,0.6603982300884956
72,0.9977876106194691,0.9341814159292036
73,0.9983407079646017,0.963495575221239
74,0.9972345132743363,0.9789823008849557
75,0.9966814159292036,0.8938053097345132
76,0.9988938053097345,0.849004424778761
77,0.9977876106194691,0.9253318584070797
78,0.9983407079646017,0.9789823008849557
79,0.9977876106194691,0.9839601769911505
80,0.9972345132743363,0.8960176991150443
81,0.9977876106194691,0.9480088495575221
82,0.9988938053097345,0.8069690265486725
83,0.9983407079646017,0.9701327433628318
84,0.9961283185840708,0.9629424778761062
85,0.9961283185840708,0.7571902654867256
86,0.9983407079646017,0.8866150442477876
87,0.9977876106194691,0.6277654867256637
88,0.9972345132743363,0.9369469026548672
89,0.9977876106194691,0.9828539823008849
90,0.9977876106194691,0.985066371681416
91,0.9977876106194691,0.8821902654867256
92,0.9944690265486725,0.9861725663716814
93,0.9966814159292036,0.5160398230088495
94,0.9977876106194691,0.8766592920353983
95,0.9966814159292036,0.9502212389380531
96,0.9961283185840708,0.7101769911504425
97,0.9983407079646017,0.728429203539823
98,0.9983407079646017,0.9800884955752213
99,0.9966814159292036,0.8434734513274337
100,0.9977876106194691,0.9712389380530974
