1,0.7267699115044248,0.8832964601769911
2,0.8949115044247787,0.9795353982300885
3,0.9823008849557522,0.9811946902654868
4,0.9823008849557522,0.9834070796460177
5,0.985066371681416,0.9845132743362832
6,0.9861725663716814,0.9861725663716814
7,0.985066371681416,0.9867256637168141
8,0.9894911504424779,0.9889380530973452
9,0.9889380530973452,0.9889380530973452
10,0.9900442477876106,0.9905973451327433
11,0.9900442477876106,0.9911504424778761
12,0.9922566371681416,0.9889380530973452
13,0.9917035398230089,0.9905973451327433
14,0.9900442477876106,0.9911504424778761
15,0.9922566371681416,0.9917035398230089
16,0.9928097345132744,0.9911504424778761
17,0.9917035398230089,0.9917035398230089
18,0.9917035398230089,0.9922566371681416
19,0.9928097345132744,0.9922566371681416
20,0.9922566371681416,0.9894911504424779
21,0.9922566371681416,0.9922566371681416
22,0.9917035398230089,0.9922566371681416
23,0.9928097345132744,0.9911504424778761
24,0.9922566371681416,0.9917035398230089
25,0.9939159292035398,0.9911504424778761
26,0.9917035398230089,0.9928097345132744
27,0.9917035398230089,0.9917035398230089
28,0.9922566371681416,0.9917035398230089
29,0.9911504424778761,0.9905973451327433
30,0.9928097345132744,0.9928097345132744
31,0.9917035398230089,0.9905973451327433
32,0.9917035398230089,0.9922566371681416
33,0.9944690265486725,0.9911504424778761
34,0.9917035398230089,0.9928097345132744
35,0.9911504424778761,0.9900442477876106
36,0.9939159292035398,0.9917035398230089
