1,0.9369469026548672,0.9894911504424779
2,0.9939159292035398,0.9917035398230089
3,0.9928097345132744,0.9856194690265486
4,0.9939159292035398,0.9911504424778761
5,0.9961283185840708,0.9817477876106194
6,0.9928097345132744,0.9917035398230089
7,0.9917035398230089,0.9928097345132744
8,0.995575221238938,0.9856194690265486
9,0.9933628318584071,0.9834070796460177
10,0.9961283185840708,0.9933628318584071
11,0.9933628318584071,0.9889380530973452
12,0.9933628318584071,0.9756637168141593
13,0.9966814159292036,0.9917035398230089
14,0.9933628318584071,0.9939159292035398
15,0.9922566371681416,0.9905973451327433
16,0.9933628318584071,0.9878318584070797
17,0.995575221238938,0.9922566371681416
18,0.9928097345132744,0.9767699115044248
19,0.9922566371681416,0.9917035398230089
20,0.9922566371681416,0.9911504424778761
21,0.9917035398230089,0.9928097345132744
22,0.9928097345132744,0.9900442477876106
23,0.995575221238938,0.9646017699115044
24,0.9966814159292036,0.9889380530973452
25,0.9966814159292036,0.9917035398230089
26,0.9933628318584071,0.9363938053097345
27,0.9939159292035398,0.9889380530973452
28,0.9933628318584071,0.9894911504424779
29,0.9928097345132744,0.9905973451327433
30,0.9911504424778761,0.9900442477876106
31,0.9928097345132744,0.9922566371681416
32,0.9911504424778761,0.9928097345132744
33,0.9933628318584071,0.9905973451327433
34,0.9928097345132744,0.9922566371681416
35,0.9933628318584071,0.9878318584070797
36,0.9939159292035398,0.9900442477876106
37,0.9922566371681416,0.9905973451327433
38,0.9928097345132744,0.9900442477876106
39,0.9944690265486725,0.9911504424778761
40,0.9922566371681416,0.9905973451327433
41,0.9933628318584071,0.9905973451327433
42,0.9928097345132744,0.9911504424778761
43,0.9939159292035398,0.9789823008849557
44,0.9928097345132744,0.9894911504424779
45,0.9922566371681416,0.9911504424778761
46,0.9950221238938053,0.9701327433628318
47,0.9928097345132744,0.9900442477876106
48,0.9933628318584071,0.9878318584070797
